6294.473728
8115.838742
-7460.263674
8267.517123
2647.184925
-8049.1919
-4430.035623
937.6303841
9150.136709
9297.770704
-6847.738366
9411.855635
9143.338965
-292.4870255
6005.609378
-7162.273227
-1564.774347
8314.710504
5844.146591
9189.848528
3114.813983
-9285.766429
6982.586117
8679.864955
3574.703097
5154.802612
4862.649362
-2155.459609
3109.557804
-6576.266244
4120.92176
-9363.343072
-4461.540301
-9076.572187
-8057.364375
6469.156567
3896.57246
-3658.010399
9004.440977
-9311.07839
-1225.112807
-2368.830858
5310.335763
5903.998023
-6262.547909
-204.7120842
-1088.275986
2926.260202
4187.296617
5093.73364
-4479.49846
3594.053537
3101.960079
-6747.765296
-7620.046369
-32.71896036
9194.87917
-3192.285467
1705.35502
-5523.76121
5025.341186
-4898.097691
119.1410333
3981.534453
7818.065051
9185.828504
944.3105993
-7227.511143
-7014.119889
-4849.834918
6814.34512
-4914.356421
6285.696521
-5129.500626
8585.272464
-3000.32468
-6068.094991
-4978.32284
2320.893523
-534.2230219
-2966.809859
6616.572558
1705.281823
994.4721658
8343.873277
-4283.219624
5144.004582
5074.581886
-2391.08306
1356.432815
-8482.914209
-8920.997627
615.9510602
5583.344602
8680.213685
-7401.875831
1376.473217
-612.1871788
-9761.95861
-3257.547112
-6756.353836
5885.690814
-3775.699159
570.6627101
-6687.02541
2039.638828
-4740.574309
3081.58197
3784.290063
4963.031856
-989.16803
-8323.57244
-5420.460626
8266.74723
-6952.439621
6516.33955
766.8487052
9922.694333
-8436.489425
-1146.434604
-7866.944596
9237.961617
-9907.315517
5498.209294
6346.064413
7373.894107
-8311.28309
-2004.347018
-4802.591943
6001.369604
-1371.723451
8212.951889
-6363.059434
-4723.94167
-7089.220392
-7278.628826
7385.844153
1594.091747
997.2040367
-7100.904036
7060.622354
2441.10263
-2980.952382
264.9907973
-1963.839325
-8480.666166
-5201.676929
-7533.621303
-6321.844234
-5200.949487
-1654.658618
-9006.911393
8054.322198
8895.743794
-182.7181506
-214.947232
-3245.611804
8001.076928
-2615.064378
-7775.944894
5605.041366
-2205.223261
-5166.174282
-1921.757088
-8070.909497
-7360.534148
8841.011816
9122.690805
1504.171902
-8804.409141
-5304.401733
-2936.828576
6423.880804
-9691.931247
-9139.523967
-6620.199411
2982.309499
4634.447713
2954.919263
-981.5258714
940.1778457
-4073.583888
4893.856141
-6220.899699
3735.508667
-6329.776885
-2630.30807
2512.371215
5604.548703
-8377.484623
8587.719419
5514.253572
-264.1673519
-1282.828228
-1064.325011
-3873.01056
170.1731076
215.4312834
6352.554166
5896.628338
